7315
4613
6215
2640
1595
6316
6258
2803
4356
5357
4343
7140
4343
6931
4030
2820
4560
2259
2603
4610
2806
2289
4505
4879
3959
4816
7264
4411
810
3249
2429
4343
6909
4066
3357
2083
4605
4311
6532
4721
5554
2452
2250
3557
2261
4719
2372
3002
4068
6733
4552
6280
2529
2257
2030
3971
4350
6472
2441
4741
4887
2092
7258
2446
4359
4053
2669
2284
4816
2675
3079
3630
3341
3995
6311
6352
3927
7140
4740
4520
4800
3350
5603
3860
7315
7172
5374
3221
6355
3782
3640
5172
6037
2710
4741
2340
2448
2333
4350
6953
3124
6906
2470
4703
6935
6210
2665
4670
1595
3073
4055
3885
5730
5062
7112
4122
7321
3888
2650
5115
2481
6286
3240
6338
7330
2155
4489
4860
6521
5126
2300
7005
3072
4075
7310
3987
4871
7260
3765
3046
5083
4615
5068
4214
3701
3714
5661
7252
2287
4128
2786
3858
6460
3155
3670
2159
4703
7301
3465
2429
4816
3688
7275
3889
5015
5087
4710
3032
4387
4570
836
6330
3081
2017
3392
4555
1220
4564
4493
6056
5113
2652
5485
2035
3697
3215
4350
6535
2262
6420
4659
4481
3134
7004
2538
4871
5025
5011
5171
3462
1235
6450
3494
3095
3109
6477
6008
2145
2232
7120
810
3691
7116
6430
2608
4680
5244
6280
3420
3809
2229
7255
6061
812
2483
5063
2422
3081
2474
2703
3284
4820
6407
4703
6320
3241
6207
3011
6462
4823
6152
4344
2324
3678
2530
3314
2877
2340
2194
2160
4813
4615
4311
4551
2795
7186
4702
4610
6522
2329
2484
4615
3167
4871
2317
4670
5213
3084
2381
5158
4626
2765
5034
6285
4860
5573
1835
7004
2871
2798
3401
5046
5120
5153
4227
2560
846
2150
3791
7316
2322
6397
6215
4412
6503
6030
3981
3194
2298
3496
4870
6405
2443
3995
2166
5291
3309
5353
3019
6302
2321
6031
3934
5480
4064
4858
5131
4621
4305
5204
6409
3631
4871
6336
3370
4355
4740
2138
4205
3644
6155
6056
4516
3782
6394
4227
4454
6210
6983
2322
4009
5301
2008
2263
2474
2469
2539
4497
2901
2083
7030
6302
2126
2663
6532
5236
4494
2447
3810
7140
2540
6532
2000
4405
2304
2440
6521
2420
4217
6112
5220
2820
3260
2600
6225
7250
5495
2580
6320
2330
6308
6258
4051
3223
5724
4718
3128
820
3008
6041
2700
2666
3697
2550
4120
3216
4221
6159
2609
2425
2208
2463
4825
6556
3501
2477
4356
2024
3236
2620
6237
6472
5042
4355
3265
2669
2761
6210
3465
6155
3551
3775
2481
4670
3207
5159
3900
6701
3468
2750
5642
7304
2456
4207
5723
2082
6018
6514
6608
3757
6155
4570
3023
4555
2259
2793
4741
3442
6076
4754
7190
3701
7321
1455
6447
5240
5416
5483
2323
7150
3185
6445
3895
3451
2068
4001
6452
4740
4313
820
7163
2529
4455
6106
6532
2650
6320
6623
4562
2311
2745
4856
4615
2850
2429
4712
2326
2480
4401
2600
7275
3814
4362
2339
3038
4490
2388
2138
6450
2850